[281.68, 13.47, 295.15000000000003, 2.0, 0.0, 2.0]£¬[280.61, 13.49, 294.1, 5.0, 0.0, 5.0]£¬[559.24, 26.96, 586.2, 12.0, 0.0, 12.0]£¬[1681.27, 80.88, 1762.15, 59.0, 0.0, 59.0]£¬[597.47, 26.98, 624.45, 25.0, 0.0, 25.0]£¬[595.76, 26.98, 622.74, 31.0, 0.0, 31.0]£¬[897.0799999999999, 40.45, 937.53, 43.0, 0.0, 43.0]£¬[637.56, 26.97, 664.53, 48.0, 0.0, 48.0]£¬[1258.56, 53.93, 1312.4900000000002, 56.0, 0.0, 56.0]£¬[963.6600000000001, 40.46, 1004.1200000000001, 44.0, 0.0, 44.0]£¬[1933.88, 80.91, 2014.7900000000002, 102.0, 0.0, 102.0]£¬[637.28, 26.97, 664.25, 29.0, 0.0, 29.0]£¬[3873.9700000000007, 161.76, 4035.73, 191.0, 0.0, 191.0]£¬[967.4100000000001, 40.45, 1007.8600000000001, 52.0, 0.0, 52.0]£¬[2258.08, 94.42, 2352.5, 119.0, 0.0, 119.0]£¬[1613.07, 67.42, 1680.49, 84.0, 0.0, 84.0]£¬[3550.1899999999996, 148.32999999999998, 3698.5200000000004, 187.0, 0.0, 187.0]£¬[324.18, 13.48, 337.66, 19.0, 0.0, 19.0]£¬[330.87, 13.36, 344.23, 11.0, 0.0, 11.0]£¬
[1279.59, 53.44, 1333.0300000000002, 26.0, 0.0, 26.0]£¬
[626.61, 26.7, 653.31, 19.0, 0.0, 19.0]£¬
[626.9300000000001, 26.7, 653.63, 17.0, 0.0, 17.0]£¬
[619.7, 26.7, 646.4, 26.0, 0.0, 26.0]£¬
[]£¬









































































































































































































































