122848448
123285324
123285786
123610094
123610717
123612417
123614282
123614283
123614284
123615880
123618468
146869066
146869444
32143092
31294853
31299524
32258298
106471879
143824732
27627862
27669930
63443579
63665021
112241907
60571486
60575557
60991865
61215637
61225177
61247683
61439512
61605713
59952818
59958514
61640750
62096083
62301237
40043154
226031909
228561680
33033036
105135788
64167007
145563292
145563975
146410006
146828611
146881560
254822907
254823009
88036648
88093792
112672746
61714418
61748103
61822869
145520308
39558906
39571190
39580100
39837337
40039454
40043157
40364737
62652802
63664027
63803861
64894128
111055831
111394034
33138250
33146262
32043615
32215737
32148083
37720157
106787485
60570998
60571236
61223113
28095688
28118185
28120174
27361443
59360928
180448174
183426709
54553781
30003255
106265192
106276312
106279830
106282401
106300171
106433401
106798722
61759877
61817197
62092052
62298706
62299569
62299604
65934943
67417393
67424711
224692747
109059548
109119880
39907968
40113165
174438534
174503613
174505134
174511135
174511313
174513545
174513569
174516557
174517049
62839563
57016021
32206723
31302764
128664768
103072565
103542825
103761134
104411213
59587699
107501210
107536077
146901274
65717380
63792327
64175960
64280099
38513082
123285052
146447017
146845425
105044102
105051242
105051594
105099174
105101353
117545918
117547836
117554695
117555612
63779849
63789123
63816093
63919543
64166983
64461466
64481168
64486075
51569974
40285399
40289785
39562163
39690264
39690301
39690330
39847089
40089822
167354708
28164783
28164845
28086141
28114515
28118233
28164914
28164721
28164958
32246174
32093054
32186515
32157936
32236317
32252572
40288246
39561462
39562131
39563927
39686715
39929565
101865425
27360117
27360669
62299734
31306919
31825047
32155307
32099892
32169033
32214254
32114179
27580532
27664441
28122136
28140789
143767162
208323687
111839655
63919505
63978310
64167027
64513641
108916984
88021636
88094451
138233266
52550294
105482263
54855281
214567160
145985750
146425419
146868715
39468196
39580102
39671885
39687409
66067714
112601058
33150428
31303955
32108552
62101664
62299530
62421806
146677590
146881521
64195375
64365626
63621854
32080845
64557129
65725470
129728140
62076609
28118547
40385968
33135973
54432036
113329078
105337626
108587302
39567214
39575957
88433733
64195385
145991705
32108635
39930241
108586949
83121194
83693364
32159745
32120687
27386748
27386804
27595005
185402016
130554897
101847850
39562123
39630345
39687397
39931535
40350906
46270174
89412165
63803863
63816041
64167023
64188819
64383865
64466046
64511347
65531067
88107096
88434299
88438668
88439265
33024539
105074770
27165450
28095686
28096169
28193804
28193602
131973539
132280534
174453515
146211558
146428156
32079418
31300854
31301430
31744509
86456608
107079613
39919007
32098480
62012256
62471525
60586340
61263871
253658041
39571242
88093788
63781470
111055824
32148071
60570987
60571226
61748098
38129609
27361476
33146261
27580517
27580569
27580718
27580936
28122139
28140783
176415254
178740876
32169106
31299527
31306429
32025872
32214250
32232750
32250670
32141662
32612062
33025205
112241933
39929508
59867800
59878311
146412134
250004439
105482273
63672602
138233277
233458064
234647051
108809108
129766198
63978314
64163529
64167009
64216345
198852170
106092909
106471905
107108691
132222998
132223299
143654896
143767151
61750754
27360690
123285062
176415269
59952981
59953001
32629116
31299519
32602753
32296619
32296428
36815507
101837953
38893035
52798760
54871676
54855164
90759815
131782222
224094358
39593078
39930086
40039450
254822900
106455445
107108707
62664988
38129617
38277788
63803876
63830569
63971847
64385490
111376054
61708285
62300266
62300456
56315057
146410012
146412118
143497746
143840064
143840066
143840067
143840068
143842502
143845090
143861216
68428721
68429179
68429297
68429732
88073936
88075672
28095706
32163792
32243475
31305316
214018894
104979926
62076604
106787498
32100068
32165579
32214255
31306433
31310813
32040900
32169100
32612069
38094653
38513084
39929552
88104993
105482201
105676240
63978313
64163542
27360667
250004404
233458062
234647017
89051131
27580516
27580564
27580730
27580935
28122114
61750759
62299751
146412138
143654912
143767155
129766189
59867803
132223307
138233279
198852173
158680297
64475184
64497109
27563145
28120183
28120224
28122018
31298892
32139055
46270229
60028361
62076618
106788333
122677108
197777540
54855688
33135956
33137721
39417165
39571178
39588119
59866231
63656865
64188821
62300137
106867661
88047015
60833630
61214585
32161059
32161118
31302869
32255823
32133382
143830593
143831255
143832358
33004892
33014024
33136661
33138531
33145742
54855175
146426857
122500457
122508973
54853178
54853066
38133434
87077763
32597426
32134964
32148640
31297946
31754664
32063672
88953990
62678376
63887402
28251191
28251520
28251046
56971609
39955709
101861937
33138543
39561169
39588105
63499124
64558959
32181580
32022498
32051837
32195964
32216432
62076619
54855679
106133017
106471923
130555558
112241956
39569660
39962441
28180036
32080075
32015954
32093994
39562342
39562374
32154542
32101044
106535903
106638439
143866622
62301037
108809282
108809295
109119883
105087212
105651270
68426595
91567442
91568856
93990702
32163776
31305309
32258851
28120218
28122015
146218759
33134289
27516335
32092149
31298885
33138256
29663019
54436357
66266337
66385970
62421782
28221145
28096160
28117932
28120160
28120208
28122005
28221163
28221184
28221201
28221304
63801786
146675709
146881538
104977704
105649501
39610258
39686969
106774738
33134348
33135380
33135971
33138530
33140015
54432042
64512894
64526582
110817040
91568865
32239155
32216644
31294760
32105156
62404337
106788288
112714639
28094825
28101491
28120596
28143165
88434303
107503480
89301151
39674064
39687402
39918996
32602682
32257306
32146002
251086092
61767994
61968380
62044718
62096313
62297621
62406072
86456597
88179358
111595640
111621833
59951753
63971797
101835353
146868931
230322521
106787505
105676232
130560948
38893905
60576148
61603846
28012464
28121258
28149904
32094603
31305689
38279524
33138265
54432039
111030316
111030642
27587488
28094816
28120173
39588117
40113171
64137123
64533269
64552660
112677520
112688549
63656537
105178325
88036650
88073900
106298910
153179164
123285070
33136660
33140513
112591455
106731407
106803404
63656391
88433401
88440261
64137077
64188824
64500066
64557104
65725462
244679032
39575741
39682742
129527931
129728130
32149814
32243280
28096177
39571181
40039412
40039451
40401307
146410010
54855286
38094643
27735582
28095714
28120205
112726555
68459470
88036638
88073935
37362839
61439509
62299335
32180100
32194554
32196323
32124900
32152408
32152492
32111250
31302818
31307253
32022562
105649391
63801807
63803872
63900726
64195377
111030270
33025182
51895625
62404410
65725463
64195384
64512889
64557107
146467569
39588104
39685600
39686948
39687401
33134343
33135395
33136663
33140516
68426589
28117939
28120175
106023230
106787494
32225615
31298882
31305303
32080903
32225630
32163786
54855277
104977702
129728131
32166827
32097654
32194858
108587314
39571201
39580097
39630507
145991724
106787483
38129612
28096229
28117953
28248088
63806294
64403319
64460663
63656390
28120168
146425004
40282576
62096311
62421790
65531064
64466043
32116056
32199103
32047004
32042001
32042541
32056435
54429583
143707760
60024937
146652275
64205104
27580304
27726132
64188812
64380302
64435809
64522199
40289835
40289700
36992554
61262654
62076607
68432021
88110894
53316420
89509885
27653757
28118201
111595643
111621831
38879584
106471909
61224887
61603751
52669590
39575734
39919038
62851213
63518051
63672615
33033039
38275728
66658134
63779875
63781052
64042846
64167024
64479524
64482673
112241937
62302152
62406223
31299532
32061558
32061658
32061712
32221881
32133306
108918508
123285810
123618454
105086992
98963703
129527939
146869082
146894050
100401427
123285811
127522646
127589824
101837915
101837940
27687678
146412115
146869084
90759806
61219236
251570184
233367091
112190632
131782183
107584292
36815508
68429207
68430377
68438564
86134735
88110905
38893092
62300224
62300398
109036598
111376010
111634354
62656193
63665032
63686588
32297275
32297451
31911041
32298644
32297256
39593119
39919022
39930189
246114422
65538417
63779903
63830584
64166984
64477726
64579046
64579058
64579073
143845082
143857694
59878307
59952876
59952954
59952979
38892296
107484433
88093794
33025580
111057549
112270677
32162170
39580103
54855155
65729583
65725481
64557152
31298872
32201061
33135972
33138533
146379815
104977695
123285067
39571221
39588123
68427808
88106864
61770178
62262103
129728134
63664035
39571227
143833541
112715987
63664026
61746381
64188818
64208323
36961637
32151898
31302813
88125701
111055706
146881555
65934935
31302760
31669087
31669092
32190444
107598017
174451476
106433398
33024874
62086441
111030274
146898803
54511728
130203798
64894132
63792180
63801769
63803912
64195378
64466053
64512895
64531388
101837910
101837921
101877621
27586807
27586936
28095695
28096206
28117946
28120186
40364736
39562883
39686974
39689725
132763139
62421818
68428206
108918510
32259443
32202391
32192639
33010370
33138255
129760852
105347405
146445663
146677589
146881546
38277242
27178667
27372433
27372465
27510856
66385955
39558948
28149880
28012406
28101268
28121266
63665015
38887631
38893917
60576168
61603861
88179359
108586958
130560936
145563901
146868921
61720432
61768000
62297626
254433684
143828136
145520455
59867805
59951762
59952648
65622601
63779928
32257294
32146024
145991726
32180451
32166816
39630508
108587315
64403322
64460675
32080544
32225046
32242978
32064798
32093424
63768053
63779847
64573893
228069542
61214503
61264182
61264993
28086152
28090108
28117997
28118169
28121051
111398870
111398903
36963431
106415575
106787504
61768915
61781344
62539274
62540284
146830478
38192212
83113362
83136095
88034288
88070356
88152479
88166764
233506615
143876874
143877504
38887583
39607810
88976137
160706736
33006715
101858419
101860040
101877616
63584332
63654369
63656266
63672593
32258782
27627864
174429229
143824725
105135797
39558061
123285323
123610703
59952816
59958505
111595645
111621838
63779940
64042884
61640754
62301239
62301247
62406104
38513118
38513175
60571548
60575608
60991905
61215647
61225179
61605726
33017982
89381092
32117467
32258303
32252202
31299533
63665034
61223064
27581407
36961833
37720156
61822867
62012794
62406004
106769444
32176512
32215723
62652747
111393996
38636315
27361234
112672679
63767356
63806296
64042849
39562214
39563935
39592123
39630324
39690267
39690329
40089845
40285398
40289788
105051231
105051582
105099164
105101349
63779824
63789112
63810654
64167004
117545924
117547851
117554697
51569979
145985769
146447028
146858190
28164702
28164789
28164829
28114508
28118230
28164886
28164964
38502384
106461296
133507046
33152848
108916982
32186545
32246224
32157925
31294026
31295761
31300873
31301474
32114865
28092271
28211496
39930480
39930491
40113147
63810653
62353715
38191104
20082
143864248
33025087
146670838
161770403
31302864
31305285
31305906
32055993
105882264
37137087
28090107
129973522
101871624
62090618
32184342
32251763
214634141
33134825
40288229
38893892
28118214
32098465
32039232
33006733
63767259
63785184
67956973
106200403
107079572
59952631
39558058
39558893
39919001
39930517
86456602
62406125
89051349
60586335
61214321
61214876
61223198
61225937
61600251
145563713
146871317
251086124
145047011
27370389
62298744
62299551
64280092
63661353
109059720
109119891
183427085
106279659
106279906
106282360
31302773
32206728
28314179
128664947
60027466
65934969
67424712
174474962
174501626
174510905
174514575
32485714
31744519
28193805
28096168
68433331
54855169
131973531
132280535
27165468
63621860
105074759
64511291
38133432
89412170
40364734
63654378
63656264
63664992
61768907
61781360
62096084
39562630
39607822
39847103
146412123
59867799
105649164
143876908
143877528
27624060
28121413
250004578
108588100
101860052
63779899
64042828
64573911
111398890
61264203
83113300
83647253
88034280
88093797
88152493
66287069
31294854
32064933
32093439
32080552
106769446
106787472
27361242
27361554
38094647
38512996
38513120
130203799
145563283
145563973
146842865
32619770
32075203
32190314
31417627
145520301
111394015
111595649
111621835
39558905
39930265
112672718
234605746
167451482
61223083
61439525
59866726
59879640
63812700
64042864
62652760
88110898
88434808
62302034
62406000
28589863
28589833
28589884
27636961
60571045
60571271
141153406
32043606
61714416
61777142
33146269
62409903
39565629
39687066
40289844
27761855
33033939
27462094
109059701
180448170
182408828
183427045
64175962
64465561
128664916
83693331
174456614
174501430
174504081
174505785
106279829
106279897
106282423
106433405
28240264
54512802
54553765
54853056
30044821
54511992
62299583
32204872
32162382
31302755
32190430
63457455
63661350
105599987
27586776
27586867
27586924
27587128
27664490
28120230
38502382
132762988
89338152
31301467
32115609
32255261
32482174
27372451
27372459
39563913
39592124
39630344
40289811
106891930
63816129
64042865
129938879
36994232
112714228
88056531
32182533
32584187
111031582
27389982
27455837
65727470
106177968
106726371
146209460
32127249
31295601
31297482
32196661
106547183
62421802
28120202
28296827
28296838
63801789
146424843
146882305
108586939
109036618
31294996
39929827
106547181
106960398
28103295
28233941
112644775
62095382
111061941
54432030
32122780
32029308
88547508
107230379
106788315
38888380
28054653
28094815
28118551
33135961
146872582
39575727
39611652
129527921
122055521
122485591
122502805
111056714
111056715
39961930
105554299
54858135
146419588
146425578
28385025
27590328
28385105
46270239
63801800
33146814
112714008
112714009
106535887
31303954
32111629
112241936
33006735
62406128
101877620
63767306
63768060
63779825
63810657
64042835
64208326
27582147
27644760
27651990
106471908
106787499
111595654
111621829
77484366
88102868
88105573
88107093
27367106
27368457
27410034
41794819
39930280
40043156
31299530
32041340
32055395
32064909
32151894
32108705
32100341
32251002
123285048
107503481
251306111
132762993
54431862
39671895
109127649
28258931
27667297
31301021
63411884
40288217
101871662
130555255
122581755
32170611
32251775
33033033
130556066
28312172
28312209
28312247
28312307
28312350
28312460
28312504
38513079
106471873
106772671
106891941
98426039
112241902
27379869
63779933
64166994
122570484
32602706
31294860
123285042
174433244
246080399
109119890
33022867
33135349
32141080
32113577
28122021
39847098
39930065
40043006
36881915
38277771
38512974
63830573
64149720
64385499
64477734
64579048
64579075
65713444
64958759
105556101
59952896
59952950
59952977
59952994
62300213
62300444
127589792
109036606
62664917
63686572
143845061
66287068
54871686
54853057
146412109
107108681
68429135
68429707
83649485
88110910
32627536
31839832
31911045
32296717
32298128
32296616
32298635
32297777
32297435
32296453
32623508
176415245
111376007
111634338
90759793
38893047
32243478
32163801
214008440
40360398
32188544
145990540
108588044
33136662
33138550
32255817
32046353
32061596
145990519
146467591
33134361
33135367
33135403
33138551
33140012
112599982
125258034
83693330
39563473
39685611
62404371
91568831
108588040
32222721
64205045
64227845
57595747
61822868
108588106
37720151
28095417
32014268
32148076
31298218
31304454
32098574
54855172
33138249
33138672
62101667
63801796
63803869
38396027
108916989
28157573
28157544
28157534
28297305
28095710
28096246
28117958
66212686
88953783
91915926
68426695
88036647
88044568
88051703
88073928
88090121
88094058
88127548
88170525
88545371
126003279
126003331
126003368
122491882
122498258
39580109
39627427
39672920
39672980
39686968
39930965
40256093
145985790
62406050
146854372
38513112
28660607
27645143
28660572
68430816
68432276
106770579
234605558
52645632
63664123
64042883
28262645
63779927
63810659
108587304
106547151
83821327
88089985
39610962
145991700
33146259
32027807
108588109
61777124
62076611
141153626
203100080
245060673
245621376
54871684
52798747
38277764
174459761
176415104
90759785
250131226
111376014
111438356
111634335
105874082
107108669
107108713
68429189
68429733
68429754
83649474
88110908
146412100
240166491
31839831
31911038
32297269
32296614
32297783
32621012
32297428
32298129
32298637
254822951
105080381
143845049
127522629
127589805
63830571
64149722
64385491
64476608
64477751
64579034
64579072
64579092
65713468
247402152
59952893
59952967
59952970
59952990
28084330
251570241
39930134
40046212
40364733
62664913
63686569
62300300
62300440
38893034
38893127
36847426
39610278
39611783
250421393
63899502
109036623
28246829
28118544
55931349
104982598
105423070
115553420
90890284
60541659
146446121
37194690
153184171
201353347
91122866
4152900
40282374
28117768
28120189
64523495
31294594
31823418
111038411
105347401
146844577
39571186
39580110
39588125
39611782
88073076
33138539
66297400
38166742
88967391
28075747
28118549
32160830
32146672
64152860
64497673
28212148
28239525
27614240
145990523
108588041
238845076
28154139
38568140
32071614
32232558
32085775
31298265
31305656
39416043
39558044
39627580
39674350
39822715
88021110
88021555
88050805
88087765
33000610
106783654
106783667
107230373
107233932
145990550
39592147
40245384
40239831
129726488
106471890
106547182
106866670
28330850
28330876
28330864
28086148
28330819
107551746
33012630
68039975
68143060
68236456
240166505
123285032
123618438
69544421
80114910
88107098
88561466
31294814
32094653
127575301
63779827
63810647
63816091
63964774
64188811
250901627
111056243
111058275
112241918
112672476
89075240
108588046
38192190
38401845
28192182
28192175
64466051
64554266
65531072
40366686
39562169
33006696
32222310
83120697
146428167
28117938
39671891
91567441
91567476
91568845
146218748
146467606
51895624
68426588
33024897
33135410
33140511
32163783
32065371
31305306
62404428
40402132
87077760
63477668
54853159
146967379
146967380
28122017
28846407
61822870
62012796
62406106
61223066
32215735
31299328
32043616
62652732
63656519
63664129
146854363
106769435
64042880
64167026
28118184
251086095
112672681
83110928
88110928
37720154
111393998
111595641
111621830
143866806
27361245
28122010
64137091
64500051
32108525
104974155
39416036
39592132
40245397
40239817
31294822
89512548
28090863
28101320
28186405
38707849
106547164
106874250
63810649
63452295
38401857
68426492
88094005
88108262
88423089
88427526
88428064
27375407
31294852
32602679
57577939
61223104
98963728
64216337
111394030
123285071
123285795
62652793
36961823
112672742
61752505
40282180
68427385
27581389
28118196
33138673
62406308
62421816
111055975
39571202
39686967
39930717
40401314
28216135
27694166
28096212
28117950
28120188
32070321
31302848
32487080
32181647
32193061
38094645
146445740
146881591
112714949
60997283
129728114
59953004
59953027
64958762
63801777
64328004
64557134
65725472
227132781
63656367
63665023
83121199
106774752
39571255
39930230
27595000
130554900
32031147
32145681
32092163
32201747
111059559
105347400
112714081
62060612
146424839
63801788
185402027
161418117
27386711
27386753
27386795
123285066
123618354
32602726
32092336
31299526
38887697
105163038
62655523
63665010
176415271
28235263
28235171
28235110
28235047
28235186
28235136
86456598
59866324
106471878
106594795
106594835
106858779
107108709
146868920
146871333
112241906
61439515
63779938
64033044
64208394
64216344
62307447
62483241
234679275
39558054
39918997
40043149
143824740
123285331
123610727
38887493
105135785
83110911
155639857
62301221
62301233
62301345
63665020
59868132
59952835
59958518
38513051
32217456
31299318
32252207
32602696
32258295
88907386
228561666
60575524
61215633
61225175
61247678
61605707
63779832
33145386
32087157
32234714
32047124
64547775
39563167
39568946
123285036
146619295
38277998
39929502
105482262
132223286
31306426
32183195
28122118
198852167
89049369
234646900
143767145
31297383
63801804
39571254
39961685
105086767
54855159
88440246
146424842
146426860
146882308
111056411
28117951
28350698
28350687
112674987
54855166
63781050
63801793
63862208
38513103
38636321
254822889
63664137
61768303
28390427
28095134
28096210
28117917
39558908
39571216
39580099
39686970
83110931
27456922
145520322
31299331
32032678
32255996
32161216
32961065
145563320
145563994
146854376
110134680
62263301
115097888
113439775
39931467
32057286
32074800
39610959
39930934
112672474
108918503
111056241
106460103
106547179
63810648
88093624
88093970
123285049
32130386
31304029
32131832
32100898
105965488
39569587
39918957
39932182
39932291
68439769
28108732
89048745
214027013
39588102
39686960
63656368
65725473
63907534
64557138
129728142
33145341
107503489
32160633
68434024
65725461
64557101
88093502
107503623
62076629
106783647
106783666
108588039
27770109
28120158
31303545
31305655
31337872
32026866
32055799
32173488
39580108
39627425
39684048
39691125
129728117
33000609
145990514
146530514
146878417
147053313
27586809
27586832
27586879
27586934
27587133
28095696
28096209
65531062
63792153
63803906
64195159
64466041
64531391
68428224
33010365
105599996
27178668
27372419
27372445
39562900
32115612
32482166
32177563
32202394
32259444
66067704
38277230
146476649
27580533
27664477
28062276
28086144
28122127
28140788
64513640
52550310
39562150
39563915
39929566
27360124
27360709
143401030
143767164
198243233
36994233
32099891
31301470
32165571
32114185
32214251
32155311
101865424
105482269
33007774
33024132
138233270
105069114
112690278
68426970
68427255
111057128
28147954
39929507
40043152
198852169
63779869
63978294
64042870
31306428
32025871
32165559
32232755
32250675
32169098
61750731
62406100
89053957
250004531
27580519
27580576
27580732
27580930
27624065
27670431
28122122
28140782
143654926
143767149
129766173
105482271
108809107
107463243
233458078
234646911
132223295
146412131
146621759
27360683
32167363
31293764
31295298
31296978
31302591
31302843
28215643
28216007
106547724
39929829
108809554
39907966
104978563
128664689
65717480
63829737
214409435
109059471
106265166
106277583
106279462
106282446
32159907
32132118
102940103
103700543
103760879
33024350
33025335
107536098
107645543
107645553
174467789
174502720
174516086
174518293
146421915
62299518
28120179
112601052
56801648
106207951
33150427
39468207
63801809
64152776
64188815
64466067
63661349
128664966
63792362
64063653
64175953
106265181
106278176
106278388
106282234
108586943
109059741
174432455
174440236
174501408
174503097
103074435
103076985
61759881
180448124
246665300
39683154
39907967
254362555
254362556
54553488
54870594
54856959
54871896
32148174
107536174
32103316
64438046
102096802
117051401
63603775
88952792
129132223
27187853
135591597
61212857
64523522
111038410
39697068
40282376
4152902
31294604
28117055
28117736
90890267
91122872
39929557
132223311
27360662
214018905
63978303
64163565
27580530
27580720
28094993
28122108
32072132
32165551
32250660
32025880
32169107
143654959
143767158
105159706
105482285
61750777
108809115
88428160
129766186
33007769
32143253
31302761
32157385
182645162
174502981
174505137
174511105
174516071
106277150
106282403
106300167
106433399
62092055
107501216
107536083
111056796
28422350
253249894
46270221
128664770
146895786
146901273
63989317
64175957
64188543
65717386
54553721
103761140
108586944
109059550
135296319
254362325
254362326
28092272
32055416
32128282
62076610
68425495
88125673
64062638
108809281
108809296
146424841
39562339
39562376
106535894
32154543
32101039
31295599
31297483
31302892
31311775
105087218
105651272
62301027
143866609
28118223
32230577
32195548
32111017
32140091
32053274
32053415
39558949
39918992
111414222
38513059
56731444
145563925
62012254
63785176
63810666
60586379
61215021
145520458
63665018
67956941
86456593
88439932
88440217
106200460
106547184
107079600
33006709
91567431
91568826
101375451
33134345
33135399
33371946
54855149
62404413
36994214
112591449
146218655
146426859
146467581
147587284
106787487
106891958
39588100
39685608
64487763
64512893
32024288
234337766
28165992
64488920
143771263
105044703
105086238
105086278
105136489
105649165
89075227
63584340
63672608
63768058
64167012
160706758
62406320
83118400
38887592
33006728
61315562
112692467
111055852
28086147
28203102
28202852
59867880
59868137
32131910
32486303
27290090
40246088
40246106
67956970
38192220
38278779
106858310
106902834
106941509
32100293
32072278
137242731
33131103
254362456
254362457
107501218
107536085
64530758
65717479
87077758
110803531
110803539
54853197
28122030
106233208
106265202
106278008
106282449
106433400
103761147
32176289
32162962
32224478
31302762
32149013
27360670
39929550
33006727
129766188
63672609
108809110
123618342
198852172
250004329
61670828
61750752
62299757
66984778
63767304
63768056
63978262
64163559
132223306
27580523
27581632
27692985
28122137
105482275
32089748
31306432
32025875
32040893
32165565
32169180
32169104
143654943
233458070
234647048
138233289
146326246
146412136
39672308
39672883
39930093
39930117
32238549
31298274
31305171
257530946
28094810
28096163
28120083
64205087
44546073
173150905
91123251
33138534
65717439
28872532
28872591
254362331
254362332
103702157
104412276
33019041
33024357
174479540
174502855
174504295
107536141
109059840
128665116
106265154
106276418
106278026
106278810
106282171
106627519
61664349
54513506
60572210
122678149
147114763
32121018
32152357
32159918
106858334
88954139
132608198
28365085
28364972
28120213
28365115
62076617
28120164
32049178
32107666
32148811
98426013
28278860
60497053
39919005
123285061
234680380
136801128
106394230
63781057
27240291
105087098
105087773
77790010
86456606
32132318
32571426
153184170
32029312
32088987
32130560
32075437
3285560
88073925
88433412
88434298
63656629
28095687
28096175
28117936
28120171
39571241
39687396
39697889
40039415
40366739
40366846
63801795
63803903
64188823
64195374
64557132
65725471
129728143
146881566
36961628
39580105
27587757
28108734
28120161
32141931
32055410
32233356
32214945
65531060
64466039
88093795
88098269
88125690
28300828
28300732
28117934
28120170
28300768
39685607
83069939
88036644
88073924
146218766
146467610
63801781
63806290
64195388
64512888
106774739
106787491
60028358
31298881
32092150
33134346
33135412
33138269
33140518
62404422
124386975
91567483
91568829
28120194
28122029
28680054
148813585
252409644
63801803
51895623
68426606
68427533
32163788
132783354
39417156
40004231
68427776
68459463
63811552
109119888
28120204
32068345
32179729
121938956
33014019
33145710
38893277
38129622
38247799
39562511
39571260
68434151
83693314
28118571
28119217
28145549
66385963
64549570
105581720
33138275
97950805
103702154
103761792
107536075
65717362
63658300
33008861
33023798
33135348
33151896
28588708
28588691
253961591
254362559
254362560
183427465
106265168
106278166
106280120
106282426
128665173
88434804
109036616
109059889
38191302
27590329
28117944
28385104
28385012
32179700
32111626
39686966
39961917
104982692
106535893
31302798
31311773
32027317
32176503
32134353
33146273
60571012
60571278
64557100
65725460
27581398
105696171
39569573
39686959
129728113
31296138
31297430
31302756
32190436
32162395
103702156
104412275
180425519
182408862
183066282
108588045
109059769
67424874
32981882
65717438
65725512
63989316
64166952
64465554
145990547
28998366
54511991
54512800
63457447
63589378
128664992
106279672
106280019
106282191
106433397
107536140
129766972
63792360
65717384
39907958
33025289
33025331
106265193
106278871
106279902
106282320
131928462
174428865
174508444
174514345
60027465
137990289
31302772
32238109
63647414
63658303
252271124
109059718
107501214
107536081
128664945
103543421
103761138
54853193
122055519
122506275
146895784
87077757
27386715
27386752
27386800
106894843
32238301
32220146
32145689
31302896
31311770
32031144
39571272
39930237
61672133
62060606
27595008
32139264
39630506
64403323
64460667
28120190
28208084
28207930
28208115
54855685
39588116
62076615
146881587
28239534
39567211
145990497
146677593
32046104
32131553
32255564
111050162
108588035
109549450
32113015
31666020
32162016
145985745
146621745
108916983
27360664
27580525
27581611
27581612
27581631
27624058
27670430
28122123
88105255
132223293
143654906
143767148
39929506
32232754
32620909
31306427
31310805
32040894
32169099
32127937
32165575
61750792
107463250
63978305
250004322
198852168
105482261
89053956
233458074
234646878
63779830
63665017
111595651
123285050
38189887
38513057
106858165
106858201
106866225
32128532
32093092
32183871
32156219
32233805
32142174
39560805
39847060
40042998
27592576
111055771
112692625
39605783
39611655
28094821
28101130
33135969
32097484
31297012
32037871
32038064
91357983
32235907
105124754
52798744
54871687
38893033
32297433
32296715
31911031
32627537
32298125
32298639
32297789
59868140
59952895
59952948
59952976
59952991
38277768
146412108
127589815
56315055
106787488
90759792
180448312
36815499
36866188
36883996
62300160
62300325
68429128
68429645
68430085
83695843
88075659
61221766
111375998
111634337
63830576
64149721
64385486
64477753
64579035
64579064
64579079
65713430
40364720
39558176
39847058
40043009
51356631
143497744
143845059
62664986
63686571
38513121
111595644
111621828
40282527
39558898
28283412
28283627
28283688
28283581
28283533
28283774
28120237
33033040
62297022
62406115
88906439
88951928
145520258
145563743
146847104
105085188
64042874
32077600
31309966
31336008
31823280
106782448
107119931
64490431
64496427
64509430
158884875
160706650
111829882
63584323
101837396
39561586
39561851
39607685
28183594
27744756
28071066
28121324
28183659
27512127
28248039
28096230
28117954
64403336
64460692
32139258
32097656
62076630
39569599
39630511
39686956
38129616
27587413
27681145
28118552
28120216
39682752
64137074
64533270
64552673
111030309
32094619
88433905
106788334
38279513
112688566
62076622
62421817
39561005
39565650
39686978
62409905
107503484
68428911
68428929
68428977
27462096
39562316
39562365
63796342
54855162
88093790
105087211
105651264
106535888
32154531
32101040
32132235
31302817
108809307
62300997
174477902
32571424
32132313
146871335
234680223
62406176
105087101
33017985
33033042
33141025
27589092
28278854
28278951
28278724
38636317
68432266
63665027
101837916
63792139
68428210
32207314
27586817
27586938
28096208
28117947
38277245
54855285
39562886
27372424
65717394
129766975
253196501
174433486
174501010
109059552
33025292
254362418
128664772
31302768
32185130
107536092
106265184
106277133
106282104
106300161
106433404
102805918
102940105
103067705
103429412
103700432
103760867
39569577
39630515
39956992
32166826
32194857
32159273
32097657
28120195
62421798
108587303
64403324
225014955
145991729
27367019
68007000
88081256
88130248
146818923
91122971
201353869
28121121
39630002
32183482
32250944
32041275
32055390
107536154
32997857
254362420
254362421
32113459
109059725
28324783
128664952
103070806
103664107
106276304
106277153
106278379
106282440
106700859
183427108
65717453
253194824
253196382
108588103
64500061
28565478
44545266
32080691
91123267
91123485
68431082
39822604
28264277
101877617
108586946
62076602
39562941
39588118
227401904
38277831
38277873
32205389
31315816
28265150
112450611
112713015
63819486
64558975
111058777
27582224
32134355
141153380
61777131
111392481
111392484
113503427
54855279
32256332
32191906
32222685
111393366
62009631
39847901
68430642
88050007
33147622
127755158
135922647
146056793
63779893
64446927
39563964
39564171
68424798
38502365
29251465
106880440
53123328
112270676
32162171
109119882
111057548
54511727
44545292
56110022
28490777
28490940
28431644
28490826
28490790
28490805
61672141
62470433
39563431
104979760
27687285
28251084
32252768
38279859
108587306
28962639
32192635
145991707
146677592
39558509
39580106
103428559
32098580
32243313
32191912
31306656
91915644
68429759
68430640
88044565
88055277
33147613
214418211
32181645
32487087
32193059
32070315
223121446
63803909
64195379
64327985
64894143
88036635
39571184
39580098
39686961
39930703
40039410
40039452
40113152
28216121
27694164
28095700
28096211
28117949
146410008
112714911
60997280
33138258
59953005
59953017
105347403
111055960
254822970
254823040
108918501
62421789
28185196
107551840
107645714
32132238
109119884
39562323
39562390
106535360
33138544
64205047
111392522
115097873
108618533
255715771
255799451
29402630
133093438
143417756
113399245
63431036
143864666
106200440
107079625
63665019
89051358
38887506
67956963
98426006
53004293
27370528
27459745
32084694
32167710
32212410
32098696
32098461
61214977
62012242
56731435
33135940
27510844
62076603
39562915
39686979
39689712
40289856
28122024
57577937
32148080
61223078
62012786
62096082
38513089
62652751
63665012
98426048
143866811
111394010
112672699
32034675
28122016
31302831
31311765
32187012
32101332
32159364
107487811
111057182
27368379
27368633
121937534
39569668
146881571
27627857
27669923
63443574
32602691
32252216
32612067
32258291
32170734
88104991
105135786
63879864
64166999
64216340
61640742
62301210
62301215
89080050
59952820
59958517
176415270
60571474
60575536
60576188
60991870
61215636
61225174
61247679
61439511
61605709
225618807
228561677
98426042
143824727
106787503
107108708
123285333
123610705
123615863
111839652
27367948
27368034
27368072
39691170
39691619
39931098
39931099
62076621
33001308
33024601
28101745
28101746
28140356
88103971
106434154
111394225
111394254
31306915
92155771
88073934
88170522
145181244
28154146
28094987
28096158
28122002
238845280
32071617
32085772
31298256
31305699
31823784
32040577
32054639
32056882
33001307
106314474
39415984
39627430
39648793
39692741
39841779
39933265
39959816
32138624
131728222
64274385
64565657
63609208
54512649
229749042
108918507
54553578
28145550
28145577
254362182
65717420
63792312
63989309
62839555
63661347
128664762
103072577
103702274
103761813
146534992
146797045
183426693
106276307
106279669
106282077
106300162
107164236
40293969
39562507
40113164
107536123
109059543
109119885
38061137
38247800
61400793
62470443
63509831
33007029
68439305
132731466
132823136
28431251
28490827
28490789
28431146
28490807
28431583
28431642
28490929
28431279
62090629
62099725
38515202
32125113
32587320
27581182
64205043
153179176
32297666
32297263
32296719
39931460
143845064
68428734
83649484
109036613
38893041
111376015
111634374
90759794
58821561
62300216
62300437
38277773
174474373
63830636
64579032
64579061
64579076
107481492
62665027
63686376
63686608
54871683
54871709
89002638
89002639
90542347
39931569
32048553
32135457
112714472
111032198
174469767
27582168
36961639
109127644
254822959
88125694
111055703
63862198
112715984
27367124
32151899
32214820
32108699
32064914
174470670
39571258
40039453
105945736
105969006
106732768
129653988
38278458
146124552
146797032
63909079
111056169
33023987
33139017
61742649
60543092
257140149
28417342
28417479
27591360
27591485
28417354
28417396
57592339
58789006
59052214
32189687
32029245
65934970
39563966
38253679
27462087
59866729
68428367
88110918
32619778
32046646
107489426
28183369
28183404
63779911
64460152
54511758
105053333
68039849
123285040
106157509
106787478
106787516
27586191
27664506
28210288
28209961
89075260
89412164
63779915
39561049
39562124
39630332
39686711
39690289
40041885
68439626
88030950
88126887
101877599
38192222
131973540
31300732
31300863
31313789
32039092
32184219
32246003
32069870
32591013
105074771
109127640
146868714
27290093
63584324
64373681
32176234
32121533
32093900
101841350
101842783
39573061
39573270
105676238
27290128
28216452
38892294
129582173
135996182
68433861
106860516
39691113
28272220
28272239
28272347
32997141
132742457
239226158
31306551
31760498
32013164
63801810
3108924
146882887
83695846
88094055
129826753
111393995
40364726
39571210
60571021
60571266
61223063
62652742
63656373
112672678
32215729
61714417
61822877
63862203
33136642
33146265
64424595
65957218
52710999
31297114
31358408
39961687
32085437
31302836
28350700
108587316
33138545
145991731
146424840
105086763
54855174
31305086
64195386
40282564
39559481
39580111
39684038
39930250
108587311
92155766
28101748
28140358
28145394
28145470
107503615
145991716
111394220
111394257
27367934
27368030
27368070
252442732
88087764
63779823
63971796
64216346
38513087
28012473
28014372
28121229
28149909
38893891
101835358
39918998
107108690
32257300
32146005
88907384
123285047
176415253
61767984
61968370
230322515
60576119
61439514
61603852
130560942
63665014
59951746
59952640
86456599
88179360
106787484
68439748
28229606
59865014
59958570
38709814
38513097
38636320
63781476
31306468
89048743
198852206
39571277
39918955
39931284
253234025
39561174
31299362
32029325
32075373
33139284
38888379
64214237
122678143
60572158
32604677
128665015
33005711
33019045
57547155
109059784
39907963
65717397
63792343
64063651
29080274
106265167
106275446
106279662
106279990
106282314
106634985
107536095
63385031
63661345
67467012
117871920
174459203
103700430
103760870
32099341
39611768
67690932
128664396
174428220
174513555
63658323
107536181
183427102
146432572
109059209
246665373
33023360
33134895
33134903
102805917
103074442
64248234
106277117
106279912
106282324
254362422
254362423
101375456
32202918
32160917
32068444
92199788
106859637
106864958
106867653
39417157
39571275
39580101
39588111
40039789
33138548
64557154
65725482
129728137
27617678
28122246
137656309
88073078
146407050
109059726
65717426
174496268
174515689
174516665
107536128
33024870
128664953
63647420
106233844
106277930
106278381
106282378
102369259
103072567
103429408
103702271
103761818
28750230
250286379
64000956
56971608
63615624
101861924
32597434
28251528
40294679
38133436
109036619
83110905
88075657
27368772
27368838
27459800
112677633
112691363
112691378
27644976
28258509
123285034
32237407
32089777
32159006
32103599
32602739
31299312
32237280
32076095
32117559
32254008
64042872
64198663
98426036
111058093
111062599
111062612
62099245
54511754
27581474
32027318
32059617
32076545
32079066
105026455
83120552
88095163
39557896
39571199
39930263
65725488
64195305
64557167
129728115
111055835
33137717
63664028
27361467
27361528
31326389
63438755
250004538
105159709
105482267
146412141
61750739
129766196
39929558
132223312
234646908
32072135
32250667
32165552
32169109
27580521
27580931
27580969
28122142
143767159
63978309
64163557
64539220
39914315
105185884
32117460
63664113
129766968
65934953
107501209
107536076
83693342
121981550
63792350
65717379
104979109
28628707
61759888
128665004
174499359
174514779
103761133
104411214
31302770
32019720
109059778
106265164
106279673
106279978
106282422
31779039
32142099
146882628
38777423
106878052
112671887
63887413
39955703
62678337
63423489
63456531
38133431
101861968
32597431
32597578
32063683
32134973
32148643
111033121
56971610
40012759
56226695
32192048
32073113
63767467
104976844
130549175
130549178
33138537
106787497
39608780
28332218
32114990
32104492
32509278
94613111
109127646
62085672
33135357
64274378
32140844
31305275
31823163
32119517
174432278
88420371
54870803
88179382
32257296
32235530
61603856
130560938
143828153
61768013
62297624
108586945
39562640
28149881
28012407
28121255
254017356
254433698
59951750
146847120
33134336
33145738
106860519
106867654
146882312
83693354
88047017
88073073
63656381
63656866
113741264
129728121
59866230
62300127
39417158
39571197
63862222
64557147
65725478
125774821
32133383
32161036
31302797
31311772
32161114
32255821
60833547
61214577
143830589
143831254
143832359
32069326
32084065
90890257
40040603
40039511
40113198
32043990
32056258
81969536
174450765
174472806
174502642
174502990
174503182
174506076
174512640
146441191
54870536
54512693
59152227
180448277
57011303
32257990
31309882
31311756
32073105
32108679
63431003
33138057
33138379
54432057
214766517
39611882
64062633
143866615
106535886
32154532
32101045
62300990
105087221
105651271
39562314
39562363
108809285
63801797
39562313
39562367
39571273
105087215
106535885
32145933
32101038
32154530
108809284
62101662
62300986
59958506
60575575
61215657
61605715
62475235
89381091
105135792
32252214
32117470
108916986
143824738
27627860
123285325
123610721
145985774
146445846
28251305
28250888
28251237
101861864
111033124
64000947
62678331
112671893
38278511
126235705
63779821
63781051
64042881
64198662
39558063
39919004
39960215
28339293
28339363
27541960
61439527
234605752
38636346
216557735
88953045
38709808
59866327
61777686
62406241
123285045
32125738
63665022
86456605
32297657
32627543
32298663
32297933
88916296
38277780
233516355
59952892
59952953
59952982
251570024
68429157
68429727
83649482
36821915
36878342
146412113
65713445
38893046
27209183
27698178
54871722
62664921
63686568
62300163
62300332
127589912
111376019
111634334
107536101
128664995
32059558
29085712
254362178
106233839
106279675
106280023
106282186
65717402
63989315
183427201
103700437
103760875
111033731
109059771
40364723
40113192
106299491
54853315
107850956
32235356
32027029
32115384
32143317
32158214
68429795
57011287
104993498
108588102
174450523
174508270
38401859
60768698
108918502
109059509
32064075
32210678
32138632
39959809
131728232
54513547
54513507
64466212
64529085
28092574
174434358
174503026
174504241
128664727
63609205
106265153
106277449
106278183
146900417
33019040
33022868
254362424
254362425
103114960
214311012
39562325
39562393
40113168
106265074
106535892
64062634
32206144
28040712
112833485
111068574
27582458
38129614
38275749
62302759
89509888
61224910
53316427
64200264
64479501
64482634
38879612
32061655
32133424
32133311
32091875
83693322
88093789
88110929
33139050
27363498
62851219
63518055
229313790
39569571
40364735
105086998
105087587
105581718
36961825
146854367
61223075
32241595
40282221
40245426
62652738
63664131
112672696
64032370
57577936
111394007
52710988
32175114
33108530
33135946
68428901
68428992
64475376
39686984
66067703
66385967
225615932
108586950
33138251
106023228
106850020
106858805
63803897
63964808
64152849
64167015
64195152
64436841
64466040
65531061
38892339
123285059
88111547
88578715
111060861
111402038
28095693
28096199
28147391
39562146
39563929
39686973
39690291
62962826
63348458
27219700
146428148
146774834
146774852
146774859
147138464
129008806
127575349
127588805
32031939
32045904
32146620
32094281
32239143
40285496
27372007
27410023
32041208
32055401
32086437
32233468
32251051
146869070
27165469
98963696
36994230
225443775
27664473
28062273
63816095
64567134
33025239
129384926
32485707
31301427
31301464
39562285
39563916
39567646
40350920
132280557
105139344
174436995
174501305
174515878
174517039
174520163
183426667
253249875
127855132
128664748
109059530
103072569
103761146
106265186
106276310
106278880
106282368
106300159
39907965
40113163
37101040
37863093
33024354
33025340
63661342
107501223
107536090
65717392
27387145
109223704
63436295
64320245
32256627
32130135
32233816
61801368
39561794
63779909
64042875
64234463
32098455
32126269
32053266
28101326
61600253
62406222
88907378
107079603
38636314
32256458
32062558
32240850
39561811
28114873
32062933
64235261
124401254
129032031
63647530
106783194
27304659
27524318
62134136
101837360
101844298
33136371
39541240
123145200
27709143
136604830
107574029
32227300
31303859
32163793
32258853
27516337
238105085
68426598
51895613
111057672
111057675
137077740
137077757
39904544
163267956
203423059
183426238
39786791
31302780
32475740
60027470
253960301
254362428
254362429
202231892
253196395
28833142
129766971
106265198
106277872
106280027
106282261
107536097
32997848
33008865
33025288
33025344
61262785
128664998
174473105
108586957
109059773
38191926
65717399
64483628
103070809
103700542
103760872
39588095
39672887
39674417
39930095
39930107
39931721
257530942
91123260
32997148
33017795
33024182
64958761
112601268
88125097
88578672
31305975
27690073
28140547
28209436
28209740
65865374
63767616
64167020
38513088
38513111
32152253
61745370
62298431
254822944
111031801
146847099
39628144
39932255
39959667
112691526
231118648
123285046
60571033
60571239
61223089
28095689
62652773
63664024
63665009
32148078
32043608
32162282
64894130
63803859
64188822
61748130
61822873
27361485
146410004
37720155
33024607
33146263
39571231
111055834
111394021
112672726
112713349
110942925
68425605
69540979
88125651
69976949
118839425
64195156
64554318
64567122
40366690
39671900
39687405
32222314
63621841
33012375
66067707
146446032
28192249
28192207
64497126
27683634
28120182
230291976
62421804
32211027
89904163
27581564
67154472
39605787
38166744
63788578
106776950
106776977
249811813
31306618
31309475
27177956
33239569
107230366
146677595
105660721
121794663
121794678
32256456
32116058
32062563
108586941
108586953
138372519
139193758
28396616
28396646
68427795
68459465
39569643
63900749
32068346
32179738
248225605
67422698
32103708
31335138
27588036
28014899
28096172
28101749
28120166
28140352
28145466
63801802
65725465
33000601
33011962
39558515
39627420
39692733
39930245
111394213
111394252
108587312
174437030
145991718
147058291
106123551
92155761
32094557
32098576
126003281
126003334
126003372
27367449
27367937
27368037
27368074
88034721
88073921
88170518
68427651
68429292
174501006
174514603
63661348
128665018
180448450
32604676
32199199
106265179
106278041
106279994
106282205
106423767
112676642
64063650
33005707
111392393
109059786
64488912
28165993
123285065
63779937
63810652
39933484
88095351
88106521
28101296
28418320
28492909
174474557
174500019
174502230
39931568
111032195
89002643
90535527
90535551
90542338
32048549
31300055
64184653
198452957
88099449
146658337
146843991
27663393
27673872
27704899
28147334
39561444
39586711
88953881
89367634
111048318
111394810
32213623
31303273
32032807
32078266
60028431
63621830
63656976
66067695
32063673
32597574
32107547
32597428
32224006
28251173
64000939
252755632
62678312
63423483
63456527
188226572
188226584
112671895
27257196
101861876
54853068
111033126
64068799
65717421
174481599
174501042
174515080
128664901
63661344
106265213
106277903
106279679
106282161
106433406
103702269
103761814
121981551
38191943
38191956
31302757
39907961
107536124
139014882
139014894
139014897
139014930
139014974
139015052
139015418
139015472
139015485
33005706
33025342
109059686
174460145
106260024
106277134
106282121
106620239
28946415
254362413
61262783
39786798
103687000
67420520
111059554
27386714
27386799
32145677
32159747
31302856
32254670
146424837
27595003
83121196
63470628
39930240
185402021
112714059
214400976
38700908
38708592
62312585
62313402
154332120
155220196
146230702
146699543
105048935
105089386
105089438
105089842
105090015
105091084
105092286
39692543
31732549
31732614
32051354
143526553
143780968
143873548
111981387
106859672
106891946
107115685
119261320
128020464
33186140
39607619
64205072
64368821
65727274
104990011
61264814
89880927
37116282
37373757
115097883
54855206
38261977
38513090
67956928
40043150
176415264
28014897
28118224
59878310
59952617
89051339
38893919
63779907
63785105
64210897
64216333
254823004
106200456
107108702
123285039
123618467
31299511
32053272
32053419
32105080
32195544
32098470
32124664
60586319
61214266
61215008
61225925
61430464
61439497
240166507
112715059
153183217
111056916
27370376
27370518
27459881
39931830
31305978
68457126
88952876
90610704
32189420
32078570
31294547
31305176
32203639
33024184
33135970
33138554
54855678
68430470
39674069
132432929
27604944
27652487
28117712
32071616
39416052
107230374
94002665
127575310
69976963
64958758
63964778
64554258
146677597
63340843
39687387
54855161
28192220
118839428
39955710
28250878
28251190
28251522
65934948
63456512
63887419
56971611
31754657
32063671
32134956
101861939
112671882
111033116
32027310
32176504
32134354
63781457
63862201
88036639
63656377
33017593
33138263
33146271
39571262
39686953
108588108
27581399
60571016
60571228
105696172
51895622
32163790
31302574
32035602
32184526
51692820
92250470
174442453
39683149
185851679
111463355
89301155
88021111
39558049
106788290
244151016
31294388
32216646
203424378
106279506
128665319
183427840
28294972
109060018
28094817
39683090
32027311
32066962
28096161
28107296
33140410
33140428
83077205
88031734
40412064
93990698
32164767
32605497
31739862
32119185
3146394
39671898
40039799
33135949
33145350
63621850
109119886
28096227
105711053
33139033
32128290
32055419
53808367
68425517
88125675
129219109
63447616
63482469
63656529
33131053
62099727
64479254
65622621
153179156
38515175
52710994
32072270
32183394
32100290
137242646
106092929
32076914
32058483
97943551
54511719
39561801
37165032
214394170
54511748
174445580
28107129
32042004
32042531
27761234
117212926
40113204
143707750
31309876
32108680
39560737
39611892
99424995
68425622
88125665
32055422
32183579
62421807
27379862
39961161
28120196
28312135
28312253
104982698
146428165
63801783
64466050
65531071
32134315
91568877
40232492
28263397
28263439
63431012
91568858
64228195
28094461
54512536
54436088
201843723
33135408
33138149
33138405
112605945
112605961
106504083
106504101
32118015
32078328
146467601
125262138
174938034
62406165
145563710
146868916
146869068
146871325
27581411
27669937
28118190
63779942
64032367
64042882
64167018
88099455
88107103
145047009
62652767
63443583
63665013
33017981
33033038
253984675
174447902
106471880
106769436
61223086
61439520
111394018
123615878
123618449
112241908
112672723
256937393
27361237
255655546
40245423
39558892
32120661
31299529
32042039
32176516
106774476
107574041
33156842
54511702
32153637
32062046
28101135
28169388
164141726
32189764
107079621
32053265
32098454
61225940
61263874
89051347
64234464
62012243
62471531
59952626
27370391
63656527
147071254
54870714
54553466
60027468
121981549
62092048
62101675
65934976
180448142
180448327
183221675
107501212
107536079
106265165
106277110
106278378
106282241
106552839
109059736
40113153
59273850
65717382
64175945
64404101
64453271
31302769
32016111
32249349
103543419
103761136
104348451
104348769
105566306
186271689
174479093
174494578
174497908
174502808
174504419
174508937
94036098
63458579
253249884
114075325
104980189
39562674
63747775
32243387
106725739
68039850
54511680
59866716
106157508
63779943
64042867
68428368
39563970
28183457
28183406
28183370
32046647
38253681
137242695
32183395
32072275
32100295
33131083
39571271
40039409
62060609
62316824
62421769
121678867
28120177
126498323
126498330
32057945
32159365
105086662
105087386
111057180
124227742
124227746
27368369
27368623
107478834
63801799
245855061
38513104
28502711
151470199
106026268
107142171
33168968
28224235
28110170
28110372
39560728
39611893
39977381
236992454
32113665
125261949
33138372
105959879
40113167
103067712
103702272
103761812
61759883
61817194
54553490
62839552
63661336
110721328
109059894
146797050
31769499
32013255
174429731
174496927
174501478
174502619
174504406
174504852
174509764
174513720
174513807
106265148
106276313
106277114
106280130
106282298
107536122
33025332
128665178
28432091
28432096
65717419
63792306
64063654
64404628
180448247
180448297
180448445
61400795
88602941
27260939
27260940
27261016
105084390
32234708
32087151
32034475
32047112
32134121
32234313
33145391
38277967
39563161
39563171
39568934
28121114
27367016
27410035
91122979
62096076
39630009
88081252
129726518
68006999
32183475
32018781
32041272
32055210
32055386
106173506
32029989
198242808
39565547
39608239
31731458
32482726
32637291
56438281
63699812
245098200
245784284
65934965
66488768
89351549
38893154
38893196
109958275
143265548
33149189
33153758
244614622
62468182
28148950
107214934
60020916
107584174
107641675
54855038
54853246
54855745
54855477
54855690
54854221
54875886
54553517
39691698
28418421
52107332
174470853
174501730
174510141
174513310
174513898
174514342
109059849
63799009
64173340
68429798
68431287
83693301
33135359
161816421
62424349
32063797
146797052
106265149
106278813
106279661
106282411
106423756
61400797
182645101
183221678
128665125
64466056
88093793
88098266
88125685
32141937
32214947
32197687
143407598
36961630
62076614
39588127
146881533
32135268
32080068
130555554
63621834
31302929
89367619
224614191
133268704
111048327
27621513
27663395
27704908
28096253
64507173
101835290
61982616
28095707
28096235
33138272
33138532
143883392
38300175
63621847
63656372
65530308
63803839
64528758
32192647
32103346
31300611
31313856
32092169
32184462
39562601
39588110
125622035
125622050
146677594
105917529
106448507
106774758
107202882
124437510
124571513
66067719
66385961
60028200
39561618
39608726
38515176
107541028
153179158
27581194
63656531
32587322
32194461
68429146
68429711
32297437
32627535
32298649
32297785
32297679
32296721
32296621
27698167
106758739
39931459
40033426
63801819
63830637
64149719
64579033
64579068
64579084
64677717
38893036
56099689
105011780
250402930
143845066
62665012
63686362
63686615
90759795
233483174
233516303
62300191
62300426
127589884
111056549
111376002
111438346
111438377
111634381
251570052
58821562
28118003
28145422
104953202
107230382
235182933
68425597
32072514
27409918
40282402
39562673
88024265
32077673
32221213
39919040
88907392
89080013
89509877
105087001
105087589
105160088
61224889
38879586
63779905
64479516
64482684
27653758
28118209
52669588
67185465
98963709
32061715
32161028
32147103
32133294
32105881
38275744
62302155
63518070
33024788
33139079
83136114
88086949
88166771
32225055
32149548
32098582
32048858
32064819
32094422
39630540
39930034
28118172
28121063
28140266
126003285
126003339
126003378
108588101
61781373
143873810
143877554
111399325
111399342
39562505
32997847
33008871
62839556
106265136
106267176
106277402
106277926
106282355
128664812
183426798
63792313
64063649
64404090
94036090
32013226
32013261
32604675
28094991
28145551
28145563
28145576
103076984
103410363
38247812
174433760
174447105
109059593
54093874
28121087
28140229
28140251
151723356
106839077
106957862
32093047
32243092
32035202
32048784
32064897
32149624
32163540
123285807
39673566
39900975
38513077
107639510
88099201
88099763
88103391
33024438
33025285
129766967
54870796
54870207
63989312
64455199
65717388
107501219
107536086
107599364
106258148
106265194
106277123
106279716
106282415
106622586
103761142
146895788
109059645
180448431
183426880
61914558
174471305
174500542
174508656
253249896
128664862
31307266
27367944
235182924
62101674
39930248
27777475
28101751
28140367
28145417
28145472
111394258
111394260
92155788
54858148
88021584
89327303
28333668
39415983
39557887
39612914
39674203
39822543
39839346
39839363
160982627
68430416
87952306
88092493
88094611
33009921
32203630
32218494
31298262
31305658
32055317
32240668
32189467
129728128
54511745
106783659
64195296
64557168
65725489
107536051
108588099
109059815
146901275
158738709
64175964
65717472
128665067
65934939
67422910
29174756
62092053
103410374
103589929
103700412
104412736
54553761
54511684
174474648
38253995
38254019
111060208
106234334
106265212
106279642
106279674
106282163
107164237
32635586
31911209
109036599
63830641
64055631
64677734
38277753
87075533
39593093
39930147
105074369
251570060
63474830
59866189
111438352
111438393
252601630
250365378
52238913
143841696
36848690
63796340
63803853
108588037
54855280
33000605
33024789
28095685
28096159
28117931
28120159
62076605
31298238
31304434
31337746
32026858
32055794
39588103
39648824
39692736
40039798
88073919
88089088
88170530
145990509
40037739
65725474
64188813
64557140
32161156
32105908
143826460
54432025
27681845
28095496
28117941
64555441
38502347
174465846
174512930
63431034
64438048
31306223
32107565
27532381
40288248
27580556
28140786
32099903
32214260
32214348
138233272
62299742
143401062
27360138
52550393
101865435
105482286
63978281
64513667
27641037
28101146
39569604
143392082
62078261
84133372
83693352
246754398
65719356
112601261
109036621
224247877
56099697
250131246
32298672
32297300
32298156
62300272
62300453
52238905
28003939
38893114
62664924
63686582
36815506
36847421
111438355
111438389
111634348
63830638
64677732
65713426
88916299
39593094
39930173
40043677
59952906
59952934
127589898
46270266
28596135
61400799
106265215
106277122
106280132
106282390
33135358
65717365
64031540
88440887
174478738
174497568
174502784
174505548
174509846
174510101
174514019
103700291
103761795
107536060
146797056
54553526
253249893
128665181
109059897
38166833
108809311
108809318
107503491
32045587
32077271
27681139
28094806
28119189
39563051
174461447
174503257
32216847
132591977
28341435
28043763
39672306
39672911
27581090
28095132
28096203
28118800
33135954
33138535
195443161
31302933
31309406
32158015
32133956
88428357
112833491
32206150
177815037
28040720
111068578
28233942
28103296
250433312
88111307
31295000
62027902
28101141
31295213
32258204
108809622
84133367
88106853
32125250
32070423
153186561
38278553
67146659
108071726
63850653
108588043
96232235
27261353
65925038
66212684
88073080
32997139
33017797
33024180
33161332
39588096
39672915
39684045
39687390
39691129
39691169
39841770
39931539
40068194
106434151
31298239
31304446
32013171
38254497
145990536
146426855
28154691
28096225
28117952
28154731
107503614
32139061
32166657
64205051
64475123
64497107
122677127
27563121
27590390
39588121
32122502
32073133
254983210
39686811
63799262
102096809
254482837
116753408
226979250
32089432
32117205
32037543
38268756
64458946
40258424
40274573
40274886
40268588
40258396
40093290
106450353
143720937
32586698
32057442
106168866
88433750
39560807
33136258
33138054
27305862
27378091
40368713
39559674
31294790
46270278
38893275
62060611
62060625
62299333
106858231
106860587
183626321
33114417
32111254
32196318
32124891
32022567
32194560
32180102
39571214
40039411
40401312
111030271
112726550
105649398
31298221
31305302
27694103
27698101
28095711
28096254
28117959
28120199
89501252
39411594
39558505
39558784
39588107
39627417
39687385
39932962
40040611
37596587
68425659
68425709
88044676
88073929
33000596
106123552
91915646
65725467
63803900
63806292
64195381
146797436
146881548
147058281
32130944
31295595
31296981
28743170
27681857
39611780
54855283
54431731
143826478
33135962
33138541
33163412
32105906
32119670
65622639
32133803
53316954
104979265
153186560
153179174
38515188
137242649
32155697
32100296
32183382
62099728
33131059
39571252
39588099
28187811
28187801
28120191
28120757
28122026
28187846
28187301
28187668
63862213
64188810
62076631
44546074
31298890
32168556
185401205
104977708
146881595
54511692
54513563
54512471
54512262
54512419
54512115
54512543
125262266
39560742
39686784
39686819
39811716
40037691
146800559
32117341
32089375
32103265
31303927
31305557
31308211
31309739
32170136
107479439
27530390
60028429
189267688
63747801
64228197
64384593
177896815
38513099
62652733
32162113
32043610
32162283
32176510
112672697
63781471
60571001
60571244
61223076
111055828
111394008
61748128
27361453
39569588
33146267
27581405
32072274
32100300
32182847
33284479
101834192
101834199
102089806
63417530
33134811
65730619
174445765
174930874
60024938
89048678
198852198
123285056
62406069
62406302
106894759
107108710
107108714
63656505
59864985
59958541
37401247
39558060
39918889
39931283
52789458
176415272
176415276
68434289
63779874
64167014
61439517
31306464
231985959
38709820
40289799
39690310
40089832
107541095
111029051
105044099
105051185
105051584
105099178
105101348
89338135
28164956
28164923
27664438
28164706
63779879
63789135
63919544
64481165
32186506
32157941
32246168
32253169
31294859
32143142
32236322
129938862
225284671
117545913
117547833
117554689
117555621
51569961
32145791
105085189
38094651
38513083
38513205
123285051
123618353
63656508
83110907
112241904
106471876
62297029
98426003
88906504
88951910
91125379
28283775
28283415
28283443
28283522
31299314
32602705
32135024
40282502
38892278
68433463
88093829
106866284
39675329
90890278
32120704
32079248
32151086
32127751
32047458
28155285
63779835
63781060
64042877
129938895
89338168
132763049
27586780
27586852
27586925
27587136
27372466
32031767
32482145
39563923
39930322
39961516
40289808
108918500
54858137
106787496
60997286
61444259
112714910
64327989
32193071
28216144
27694176
39569632
39930725
111055959
227132760
62471270
32169455
32151897
112715554
112715985
64208316
27582096
39571222
63656369
111055470
111055704
143833542
36961631
88125696
54858146
28191068
28191179
63991685
122055520
122493097
122500115
122554625
40024773
101861241
132432933
68439403
83136089
88093787
88105631
88110906
88952767
32225043
32169702
31308065
32035227
32048793
63654362
63656272
39673554
39823207
158346399
101877614
176407147
62099238
106957866
28086150
28121062
28140249
28372263
100392033
54093887
32115186
39610270
110804611
63788588
143654975
143767152
63978301
64163530
250004315
106092918
105482270
27360679
234646994
132223000
132223301
39929544
33025214
32250676
32169101
32141663
32232761
27580728
27580934
28101207
28122143
129766177
40245428
40282207
57577935
111394012
111394035
28118186
112672707
64032372
64216343
62406319
61223080
32241596
52069199
62652753
36961826
65584583
61990788
251197972
68434101
38261079
39560841
38166797
32043831
32100652
132425088
27580199
27580271
64382486
64435755
64493136
64505248
64539515
32204776
27259065
27366915
68424506
39686289
39686794
111047498
33137936
54882251
63747793
32127522
104982449
174452027
38396565
56801535
28967432
28967413
109228271
59952902
59952946
248075395
36847424
36881907
146412106
250364935
38893039
38893116
39325175
62300186
62300439
62656182
62664956
63686578
68429121
68429705
83110880
63830586
64195636
64579042
127522630
127589909
54853054
54871723
111438400
111438408
111634344
140887096
143479201
143839220
143845050
224524338
38277770
90759787
109036610
233516305
39930135
40033501
40043681
40282597
56315054
32627544
32297672
32623654
32298230
31299287
32296632
32298660
32297432
32635335
27580899
27698176
111057673
203424015
32134258
137077735
137077753
106177905
27046334
27305945
65717482
32113458
102753498
103664105
103700431
103760880
104026419
104412716
104417005
28324782
106265190
106700849
107536105
107583197
107583285
253221532
32148967
32135171
32224389
68433514
38278245
133305299
133336825
136507433
27290119
33158187
59955757
59955774
39573282
39931979
63779897
63784083
61789517
62661360
61605846
63823181
64032136
64208307
64228168
56971366
56971425
61217180
125262148
146420165
146445296
146514590
146668476
146692932
146882869
146896696
33138402
39683140
68436984
214766526
104980188
54870527
54512550
54512763
54512603
61744790
129794592
130369998
130381523
60143452
60143495
32185144
32075810
31304330
31304864
31825509
32058717
88953781
40256092
39611755
39684042
39930972
28157537
28157554
29087372
28157602
27770101
107503618
146446122
146848493
174456882
32092155
31298222
106774744
88087767
88125091
88545373
54855284
65531066
39611773
62307185
32022484
32496785
33138558
27580203
27580302
64380313
64435817
64522201
68424608
40289701
61262669
229749056
229751924
87940200
87952330
233760827
32092996
32470086
27597759
28086145
28117023
54007380
107851565
33136285
38278730
38513078
63768045
63779902
64033040
145563495
39558855
40043151
40246302
112692470
28202876
28203094
28202856
28202838
111055855
59867793
59867870
31294848
31299280
31304121
32019672
32143268
32602721
32253092
105033967
105086231
105136490
105320486
105649166
88901061
88901697
27290073
106314204
106787506
106858294
106891963
63482314
143771170
145046924
83110873
88094438
88105264
88110895
228069137
228072664
228076372
62135932
62404121
123285038
61315528
38887693
146867560
125262153
105959873
33137916
33138063
33138369
54858222
54882215
54908163
54855848
27177573
27506127
89323282
39560741
39611887
40037682
40226826
32152739
31306292
31307289
153184400
40037712
125262254
54513584
54436112
54512529
33137907
33138375
39333705
26941280
32040319
32121633
28190951
54908146
54855598
54855552
64219051
214692828
39931254
39931330
40039692
174482119
230896936
111055989
28217113
112642719
32103314
102096815
64438043
62271031
104981461
54876033
39559653
63575326
63658295
109127641
39558779
64188817
145991722
33024600
108587313
92155793
111394248
111394264
28140360
27367952
27368076
106774455
32225233
31304435
32062023
32106922
32027313
39569608
33146264
106860159
60571025
60571232
32256725
62299520
33138706
33150434
64195154
112601053
28193705
31744516
32079429
39567218
108588098
68433336
68433342
68439625
39959379
63822275
36961855
249065142
63493496
107556694
33284475
32163785
32243479
64848191
39686817
39954753
89887561
63462203
60028427
62068286
28687561
27530389
174422640
177756775
31309742
111047328
32079428
31305538
31744514
32053128
39562157
39563926
63621861
89412169
33019185
33025231
33130805
33138270
66385959
68439629
83055426
88434809
146865700
146911902
131973530
132280544
105074757
138198586
54511734
63816138
64488398
64512896
109053121
58941269
28193728
27664482
28096195
28193699
28210385
28209984
28193814
61672135
61262668
28101145
105077632
84133370
32062063
38256622
108586937
174468767
33025622
33137729
31305536
31306715
32094604
38166639
38279514
39674419
27587414
112688551
129728144
130203801
111030307
65725490
64137111
64533272
64552664
64557169
105178321
54511749
83055424
88106710
107236687
106760393
107236667
129794595
130369977
130381513
40289820
40037687
32185258
32075805
31303267
31304863
31825508
31832641
104982400
106177838
106755757
125262258
60143494
60145680
54855259
54513140
54432095
54512873
54436094
54512777
54882225
63823167
63932209
64228178
201843676
33138391
146461005
146882854
146896694
146898888
68436974
61217172
174938039
56971431
38732036
68426714
33008862
33023796
33135354
174431828
63658298
38278353
123285044
106864414
28216402
64042842
88439958
136507421
31326386
32041720
32108035
33138540
128665272
106265183
106278224
106279445
106282207
107536132
107783117
63792345
65717430
65717461
180448031
39702380
39907960
109059971
38260385
103070811
103702281
103761822
158339975
63661340
174465298
174466070
174502734
174514781
174515921
174516596
254362448
254362449
32997845
33025333
111394013
62652755
63664156
40282205
40245430
88907381
106769440
62406274
64032374
146442035
32120666
32241593
27361246
61223081
112672713
28165991
64488908
112601056
33150437
62299526
38279619
39468203
27992277
39914322
32182701
64205052
63458004
106788295
63788552
64473835
33135939
39562952
111058772
28122020
123285069
31315806
32176149
227401931
38277816
38277856
112713010
133284985
53768672
39560714
27184331
32034338
32258282
32252213
32602693
32101905
28152449
60571545
60575600
60576194
61215646
61225168
61247698
61605725
155639931
105676239
66287067
39847091
62301173
62301367
228561662
63665033
88578740
59878315
59952838
59958512
101843825
63779934
146776983
68459473
32179730
32083093
63900762
106867658
106867664
121938958
33145715
56221434
39417162
39571194
38893278
32086475
68425491
88125683
40039523
64384579
106283116
39562591
39562884
39687386
125258006
38277244
63792137
64531383
27586812
27586836
27586878
27586940
27587135
28120187
68428237
104977041
105599995
32192646
32207307
32202385
31303951
32060878
32115611
32482161
33010373
27372430
27372447
39416044
39675256
39692744
39822605
87951513
27694198
28117846
28140329
28140359
27368045
108586947
33000599
32098553
31306655
32023982
32222665
126003257
126003288
126003341
88977642
128665284
109059983
106278023
106279440
106282278
103600326
61675194
39691436
254362379
254362380
64488461
64500888
146404163
174437478
174493585
27588069
27777485
28101736
28101737
28140377
28145416
28145471
39841290
39930251
27367949
103428556
235182921
88031904
88050001
31305606
111059556
112714065
106894842
83121193
88095281
33014898
33138542
185402013
27595001
54512279
27386716
27386801
130554885
63779931
60497064
136801139
234680284
63664149
38709807
98425975
105087092
105087780
28278950
28278736
28278863
28278963
32132305
32571419
32116055
32046997
63801762
63919536
28184898
28120169
28910344
28185064
63668173
39686975
64466064
64486015
40240236
161418124
27614236
28139826
33186144
119497215
89165687
32120686
31295699
28200909
52812239
127344857
161188519
68429153
88098514
109036594
112672682
89080048
62652731
63664153
40043153
106769438
27361235
174441552
32120668
32190307
32215727
88105257
28118183
111393999
61223067
146445840
146869440
31305313
32254177
33135948
39692738
27694105
28120200
28122031
89501247
31305088
31305311
62076606
39691128
39933898
40282570
88021571
88031738
88087399
89501266
128485105
202231883
133243294
134383525
27532382
174429624
37373752
61759890
54553588
33022866
33025293
106265147
106278178
106278392
106282276
254362539
254362540
61350831
180448326
128664968
28597320
129766976
109059743
63792341
63851610
174450324
174504429
174508223
39682750
33135372
31299353
32048976
64137110
64533275
39560264
39588120
39687412
40282400
88434310
88544095
27770435
28096201
54855278
32221214
32105381
51895620
32163791
39561178
27709165
28096232
62076616
62404341
54432035
146218745
146467586
146881543
112713992
68429871
68429920
123145233
27524296
129032055
101844280
91567474
91568841
63647560
39541263
39571191
39588109
39671886
124401241
111031896
33017585
33133902
33135401
64482915
64512920
27770102
28095692
28096197
28097806
106076364
106434152
111059508
54855160
146426854
146446123
146655047
147053315
65536013
63803846
64557148
64958754
65725479
32221034
31298237
32098568
32239141
32091325
129728122
68426673
88034717
88073930
88090138
88124554
88578709
38711964
126003272
126003316
126003358
32997138
33005120
33017791
33024181
112672810
39588106
39611775
39627424
39672988
39691130
39691171
39841772
63661644
27460321
54436076
54513597
54432054
129113186
174938008
32062201
33033944
33138060
33138137
33138380
33140757
64228192
27663390
89367625
63621831
201843704
239038205
133372313
135656911
39611430
39671899
106177906
64181456
32585457
31823164
252358431
39569866
32232153
32025473
59295270
32187233
32238141
129073664
33140010
88065985
39700366
68431588
39560747
39611904
40037672
40226835
54882233
54513588
33136262
33138047
33138408
125262263
153184401
27506125
54512420
54513456
32127527
32141180
214567108
101297175
175240137
27716381
68180932
105186273
203410602
32091330
32222681
32221037
31306557
31832756
27460323
56221435
54855168
32997146
33005130
68426696
88578719
112672812
111059510
39691713
38259303
28418420
62678379
32190662
108030834
28944935
62049195
122472055
32243389
253387843
139515673
106026274
32153671
111029932
224224509
39569602
32034647
106788312
32218352
28107217
33033935
39609139
63465664
63483284
39839815
27400166
32029513
253865635
31295506
31306910
143434444
39416049
39822611
39930980
40256102
111839648
88053561
88545380
108916990
145985793
146844579
28117982
28221648
28157539
49166791
106876809
40024766
101861238
28191046
28191169
92689959
39567625
88953095
226466101
33135140
33138895
31666002
31824883
32028523
32123680
28155050
112443575
64201744
61973915
62406230
106913076
32243707
32192227
32259062
32251437
183290548
89512610
29406023
54882247
27275856
28215919
28215773
27501102
106547721
32023778
32053000
39929790
111056202
61770200
62005561
112643014
39558053
228561675
146442038
61640751
62301235
62301243
62406065
123285332
123610702
27627858
143824724
105135791
59876739
59952817
59958515
32143095
32258300
32252223
60571517
60575572
60991880
61215639
61225178
61247687
61439513
61605703
111393993
112672676
62652745
61223061
57595758
32190306
32215732
61822875
39561807
46270123
68425738
107503478
32031388
32045368
27368765
54855560
37165041
32027586
32043992
32075646
38893273
39417159
63900765
106867655
68427778
68459483
32179736
32051874
121938954
33145714
237014050
106547711
39929795
38133435
28215596
28215971
68428242
32177562
39562899
38277243
27372429
27586818
27586850
27586939
63792160
32054655
